Parameters used to generate the architecture:
rdynamics 1
trenewal 0.01
capacity 100
replenish 1
hsymmetry 1
ecosel 1.4
dispersal 0
birth 4
survival 0.8
sexsel 10
matingcost 0.01
maxfeed 0.0004
demesizes 100 0 
nvertices 300 50 50 
nedges 300 0 0 
nchrom 3
mutation 0.0001
recombination 3
allfreq 0.2
scaleA 0 1 1 
scaleD 0 0 0 
scaleI 1 0 0 
scaleE 0 0 0 
skews 1 1 1 
effectshape 2
effectscale 1
interactionshape 5
interactionscale 1
dominancevar 1
tburnin 1000
tend 3000
tsave 100
record 1
talkative 1
archsave 1
archload 0
archfile architecture.txt
seed 1575984484702448768
ntrials 100

Architecture:
chromosomes
0.333333 0.666667 1 
traits
0 0 2 0 0 0 0 1 0 0 0 0 0 1 0 0 0 2 0 0 0 0 1 0 0 2 2 1 0 0 1 0 1 0 2 2 0 0 0 0 0 0 0 0 0 0 2 0 1 0 0 0 0 0 0 0 0 0 1 0 1 2 0 0 0 0 0 0 0 0 2 2 0 0 1 0 0 0 0 0 0 0 0 0 0 1 0 1 0 1 0 0 0 0 0 0 0 0 0 1 0 0 0 1 2 0 1 0 0 0 0 0 0 0 1 2 1 0 2 1 0 0 0 0 0 0 0 0 0 0 0 2 0 0 2 1 0 0 0 0 0 0 0 0 1 1 2 0 0 1 0 0 0 0 0 1 0 0 0 0 0 2 0 0 0 0 0 2 2 0 0 0 2 1 0 0 0 0 0 0 0 1 0 0 0 2 0 0 0 2 0 0 0 0 0 0 0 0 0 0 0 0 0 1 0 0 2 0 0 2 0 0 0 2 0 0 0 0 0 0 1 0 1 0 0 0 0 1 0 0 0 2 0 0 0 0 0 0 0 0 0 2 0 0 0 0 2 0 0 1 1 0 0 2 0 2 0 0 2 0 0 0 0 2 0 0 0 0 0 2 0 0 0 0 0 1 2 2 0 0 0 0 0 0 0 0 0 0 0 0 2 0 0 0 0 0 2 0 0 2 0 0 2 0 2 0 0 0 1 0 1 0 0 0 0 0 0 0 1 1 2 0 1 0 0 0 0 2 0 0 2 0 0 0 0 2 0 1 0 1 1 0 1 2 0 0 0 2 0 0 0 0 0 0 1 1 0 0 0 2 0 1 0 0 0 0 0 0 0 2 0 1 0 0 0 1 0 0 0 0 1 0 0 0 2 1 0 0 0 0 0 0 0 0 0 0 0 1 2 0 
locations
0.000560965 0.00385539 0.00394679 0.00661156 0.0108456 0.0147919 0.0203545 0.0251284 0.0307051 0.0347679 0.038471 0.0421712 0.0425199 0.0429937 0.0445387 0.0463643 0.0467306 0.0469365 0.0470927 0.049405 0.0516561 0.0591921 0.0601415 0.0615934 0.0633751 0.0651414 0.0710543 0.0738619 0.0740009 0.0743577 0.0790193 0.0803284 0.0848009 0.0848457 0.0850673 0.0884088 0.0887382 0.0888049 0.0937236 0.0945305 0.0960618 0.100822 0.102975 0.105158 0.106775 0.107215 0.10753 0.107636 0.110198 0.11662 0.11839 0.119511 0.119921 0.120019 0.121224 0.121968 0.121973 0.122956 0.124814 0.125386 0.126683 0.129069 0.129733 0.129784 0.134226 0.134727 0.136462 0.141105 0.142782 0.143048 0.143479 0.144123 0.144527 0.145544 0.146179 0.147894 0.151913 0.155477 0.160797 0.163105 0.165824 0.168708 0.169898 0.171179 0.175441 0.182116 0.186414 0.190977 0.196034 0.197224 0.199197 0.205581 0.206711 0.20771 0.21688 0.219223 0.224191 0.228136 0.22914 0.231101 0.231461 0.234307 0.238509 0.240076 0.241489 0.247215 0.24929 0.252414 0.256065 0.256171 0.256583 0.258452 0.260395 0.262591 0.263567 0.26426 0.270116 0.270229 0.273447 0.276672 0.277085 0.280082 0.282273 0.288733 0.304111 0.307583 0.315394 0.320632 0.327332 0.331725 0.332148 0.335155 0.33686 0.337783 0.339216 0.340365 0.343916 0.34864 0.348643 0.354848 0.355263 0.357576 0.358494 0.359692 0.359874 0.361847 0.362207 0.362816 0.364639 0.364821 0.373394 0.37878 0.379783 0.383436 0.383974 0.389618 0.390415 0.394268 0.395599 0.397823 0.402249 0.402803 0.404073 0.404116 0.406315 0.410225 0.417977 0.424495 0.425437 0.430243 0.435261 0.436034 0.441483 0.445602 0.446896 0.449612 0.450034 0.450398 0.451052 0.451204 0.454242 0.45491 0.461445 0.463338 0.464449 0.465264 0.466346 0.468654 0.472167 0.474645 0.474686 0.474775 0.475203 0.475268 0.478637 0.48286 0.483845 0.493341 0.494873 0.49632 0.49857 0.500423 0.500866 0.505539 0.505779 0.510796 0.513141 0.517137 0.524268 0.524726 0.526831 0.5292 0.530432 0.534734 0.541218 0.54149 0.543137 0.545963 0.548135 0.551326 0.552949 0.55445 0.555642 0.557684 0.559597 0.56475 0.56846 0.571411 0.572651 0.57442 0.576051 0.576456 0.577424 0.577822 0.5816 0.583334 0.585511 0.596323 0.596835 0.597803 0.599637 0.601306 0.613228 0.617209 0.619079 0.619084 0.623248 0.625313 0.628961 0.62985 0.629962 0.631348 0.631717 0.639945 0.644433 0.647344 0.650666 0.651127 0.651534 0.651778 0.652871 0.65429 0.658141 0.662415 0.662802 0.6642 0.664372 0.666381 0.671489 0.675367 0.677132 0.677957 0.678105 0.680014 0.687333 0.689243 0.697663 0.699503 0.701236 0.704425 0.716366 0.716846 0.717367 0.718415 0.718747 0.721111 0.722732 0.728098 0.72913 0.729634 0.735533 0.73584 0.739537 0.739645 0.742344 0.757536 0.758243 0.759793 0.763944 0.765208 0.76862 0.775927 0.779321 0.780717 0.781963 0.78393 0.791317 0.79142 0.793686 0.793944 0.795258 0.795802 0.798378 0.799763 0.801554 0.801558 0.806037 0.809 0.811434 0.813556 0.817513 0.818882 0.821828 0.822401 0.826576 0.826864 0.827624 0.827752 0.829857 0.836654 0.838587 0.841375 0.844117 0.854018 0.854172 0.857275 0.858256 0.859715 0.860156 0.860986 0.866842 0.867222 0.875004 0.87706 0.877281 0.880498 0.880752 0.880967 0.882378 0.883586 0.88427 0.888876 0.891869 0.893364 0.89613 0.896832 0.901401 0.90301 0.903363 0.904772 0.905905 0.911549 0.91276 0.912882 0.9156 0.917464 0.920277 0.920901 0.921349 0.921896 0.92224 0.924876 0.930478 0.93058 0.934526 0.935321 0.937383 0.939126 0.941836 0.942877 0.949797 0.954944 0.95789 0.966479 0.97146 0.972217 0.97239 0.978668 0.982218 0.982297 0.982357 0.989048 0.991625 0.992181 0.993443 0.99482 0.995355 0.99758 0.998378 0.999862 
effects
0.0370155 0.0361529 0.104835 -0.0288488 0.0165337 0.0453996 0.0588937 0.0486443 -0.0224555 0.0269694 -0.0147474 -0.039253 0.0994002 0.0916508 -0.00713444 0.0601123 0.00291742 -0.205136 -0.0267268 -0.0309442 0.0223673 0.0544284 0.0778167 0.0521663 -0.0423571 -0.246494 -0.113886 -0.18774 -0.067103 -0.0152982 0.135476 0.0221987 0.0953939 0.0426754 -0.0260376 -0.0742993 -0.0596902 -0.0115925 -0.00459857 0.0462007 -0.0593111 0.0058631 0.110644 -0.0914406 0.0103876 -0.0164665 0.178846 -0.0506072 -0.113273 0.0763616 -0.0181276 0.111264 -0.0713162 0.0861577 -0.108231 -0.0916373 0.0279012 0.0531576 0.244916 -0.0440148 -0.0506491 0.13681 -0.0760759 0.144576 -0.0222349 -0.0825446 0.036361 0.00801224 -0.0683212 -0.0352144 0.117542 -0.203593 -0.0134818 0.0403407 0.0521176 -0.142753 -0.0162424 0.0171742 -0.0138241 0.0369402 0.0133719 0.132742 -0.0438381 -0.121417 -0.0326667 0.182907 0.0359507 0.0266877 0.0296007 0.085503 -0.0163373 0.0342203 0.0842503 -0.0610217 0.0533452 -0.00348422 0.0193116 -0.0172048 -0.01982 -0.170814 0.021987 -0.0341599 0.0185323 0.0452023 -0.0617857 0.00816776 -0.0906275 0.0221261 0.0217277 -0.0694788 0.0392971 0.0828337 0.0100761 0.0141823 -0.0920422 -0.0245351 0.134501 -0.0119161 0.0335553 -0.255958 0.0380233 0.0412116 -0.0346756 -0.0177579 0.0746288 -0.00834506 -0.0577468 -0.0877342 0.026226 -0.0866101 -0.036306 0.175486 -0.0477368 -0.0196899 0.0253808 -0.0826195 -0.0255751 -0.0452348 0.0479129 -0.0553154 -0.0542094 0.0572727 0.00798047 0.0473924 0.322441 0.176694 -0.17124 0.00570474 0.0617068 -0.373313 0.00179917 -0.0511217 0.0454926 -0.0879369 -0.0383835 0.335602 0.0456456 0.0492818 0.0733562 -0.0352039 -0.00860874 -0.0379063 0.0274824 -0.130347 0.0373428 -0.0295728 -0.0565148 -0.118886 -0.257979 0.104167 0.048792 -0.0266594 -0.126305 0.135794 0.101347 -0.102217 0.0429352 -0.0552594 0.0605421 0.129657 -0.0513077 -0.0177203 0.0293617 0.0790593 0.0434423 -0.0681584 -0.0819101 -0.0422985 -0.0190133 0.155485 0.0540301 -0.0650472 0.0349026 -0.0243661 -0.0237079 -0.111351 0.0418095 0.0144315 0.0593732 0.0694493 0.101525 0.0926021 0.061874 -0.0971406 -0.0455417 0.0176092 0.175652 -0.0139341 -0.0264885 0.139501 -0.0396795 -0.0940906 -0.0575601 -0.033651 -0.0122034 0.127815 0.0667279 -0.0556577 0.0714011 -0.00457962 -0.0703914 -0.0796503 -0.116845 0.0236217 -0.0134082 -0.0432576 0.015361 0.0576932 -0.0191792 0.00343034 -0.0440449 0.161748 0.00471655 -0.0779749 -0.0335196 0.117284 -0.0173789 -0.0546082 -0.000832176 -0.00720831 -0.119893 -0.124021 -0.0640964 0.0184855 -0.021228 0.00466774 -0.195882 0.0319156 -0.100064 -0.0565161 0.0515394 -0.0919302 0.019101 -0.05799 -0.0495076 0.182365 0.0221261 -0.135389 -0.0732922 -0.0077232 0.0613778 0.0723097 -0.0437544 0.219401 -0.0175513 0.0313325 0.0217702 0.024699 -0.0432577 -0.0979403 0.122143 0.0278167 0.110953 -0.0353564 0.0098848 0.0926516 -0.289439 -0.107796 0.0110182 -0.0484966 -0.00706043 -0.0255363 0.0772969 0.106185 0.0239785 0.040471 -0.0551068 0.0542889 -0.121779 -0.0176701 0.0591591 -0.0441705 0.0549466 0.0134994 -0.161861 0.0293173 -0.0593665 -0.0488121 0.0369539 0.199867 -0.0395303 0.0797699 0.0237799 -0.0654789 0.0259913 -0.0416831 -0.0340056 0.0265031 0.0769925 0.00599235 0.170698 0.0267157 -0.0537605 -0.0201119 0.0572506 0.0266957 -0.0589969 0.0269106 0.143467 0.105507 -0.0647138 -0.0742693 0.114097 0.0328877 0.0802634 -0.0915406 0.0441373 0.0858 -0.0322118 0.0437054 -0.162115 0.0392979 -0.051877 -0.0744262 -0.052084 -0.120526 -0.0819042 0.0358648 0.0160607 0.0237536 -0.0328479 -0.0493391 0.0444071 0.00448315 0.138777 -0.0419286 0.0635994 0.207863 -0.078999 0.0323226 -0.033989 -0.0657457 0.0745115 0.0520899 0.168918 -0.0730386 -0.0491434 -0.0469157 0.034806 -0.0473342 0.0403458 0.194206 -0.0745693 0.0192444 -0.0185931 -0.129306 -0.0224975 -0.0446926 0.00573135 0.253796 0.11249 -0.11942 -0.0843631 -0.072946 -0.0728869 -0.08803 -0.0184388 0.0361311 0.016709 -0.0165284 -0.0585504 -0.0567046 0.0278184 0.0858528 -0.130725 0.126633 0.0148894 0.108525 -0.0365166 -0.0215115 -0.0347752 0.0303372 0.00778965 0.00368565 0.0648266 0.0200846 -0.0845129 -0.114314 0.117523 -0.0129072 
dominances
0.00371622 0.108662 0.115154 0.0941386 0.113814 0.0671875 0.00556056 0.234566 0.0618845 0.0102682 0.0419455 0.047941 0.083838 0.0639482 0.045694 0.0652311 0.0736546 0.0975999 0.0445923 0.0130443 0.052457 0.0881529 0.250628 0.067565 0.0282662 0.0686692 0.0335065 0.0483334 0.0493159 0.0038794 0.110374 0.000544297 0.0136657 0.0262 0.140198 0.0049513 0.0721595 0.00525469 0.0166903 0.00412028 0.00825483 0.0661571 0.0649517 0.0494185 0.048265 0.00779593 0.0491686 0.0697148 0.0516327 0.0110045 0.00639899 0.0382988 0.0573518 0.0831709 0.0136301 0.0181642 0.0204893 0.077747 0.059125 0.0435122 0.020235 0.264906 0.00801452 0.0620625 0.0180719 0.0705226 0.0508203 0.00135029 0.0107943 0.0573324 0.204974 0.15953 0.0648491 0.041597 0.00878515 0.00816859 0.0300697 0.0579958 0.0559071 0.110504 0.00935478 0.0153369 0.0499789 0.0769594 0.0250379 0.00497875 0.0372417 0.296087 0.0195659 0.0179291 0.0521014 0.103767 0.0336087 0.0889948 0.0861536 0.0980341 0.0204336 0.0968303 0.0453163 0.0750116 0.0217273 0.000416361 0.0808238 0.0153915 0.077112 0.0168367 0.111391 0.0324921 0.0127203 0.0386665 0.0528134 0.0498097 0.0360866 0.0334082 0.0153374 0.104355 0.124445 0.0159228 0.0438516 0.0686763 0.0312748 0.0286421 0.00787233 0.0743813 0.0733069 0.0547154 0.11723 0.0413655 0.0206909 0.00200611 0.0830557 0.188993 0.0383026 0.00250629 0.12824 0.173212 0.0359486 0.0223576 0.0553867 0.039896 0.0691507 0.0270095 0.0287767 0.0126271 0.0455333 0.0743356 0.181125 0.00935301 0.0583386 0.0425223 0.105341 0.0305519 0.0590259 0.0251314 0.00543036 0.130474 0.00763213 0.0094806 0.0577072 0.069051 0.00961988 0.00577371 0.0182273 0.0566351 0.00745323 0.0460365 0.0638908 0.162524 0.188651 0.0932167 0.0713381 0.012429 0.136013 0.0216096 0.0255834 0.0714539 0.117912 0.00130638 0.0180209 0.0804834 0.035837 0.182168 0.0256362 0.131837 0.0466699 0.0386935 0.0322316 0.0342585 0.00474294 0.116132 0.0669806 0.0456193 0.00566511 0.0134465 0.15193 0.0181013 0.01491 0.00169885 0.00872614 0.0936683 0.00982623 0.0930396 0.122633 0.187771 0.0956459 0.00171008 0.224218 0.045723 0.0130572 0.220367 0.0552109 0.0269605 0.10257 0.10903 0.0448467 0.0130592 0.0156386 0.0234251 0.108481 0.0962652 0.0408416 0.0479003 0.0640156 0.0284224 0.0620606 0.00207212 0.108673 0.207237 0.00855061 0.0253162 0.0910713 0.0725351 0.0158773 0.027283 0.0261998 0.0532967 0.0424526 0.0443176 0.0546644 0.0499288 0.0417826 0.25118 0.0737222 0.0159337 0.0284533 0.133407 0.00342516 0.00448301 0.0710634 0.285861 0.0519398 0.0412335 0.133052 0.218381 0.0168771 0.0263556 0.0500915 0.0400535 0.168644 0.013423 0.0437652 0.0359439 0.000655709 0.00100388 0.0162498 0.00359777 0.00784396 0.0469111 0.0204179 0.0235193 0.0609147 0.0668694 0.133828 0.04542 0.0261467 0.0400979 0.162372 0.0835542 0.0672725 0.100094 0.0577358 0.0641813 0.0400116 0.0999194 0.0203482 0.00390617 0.0837093 0.0394906 0.00750397 0.0317245 0.0538279 0.00454823 0.0512341 0.00319015 0.0677372 0.0785174 0.0322759 0.0647149 0.077265 0.238203 0.0612902 0.0324604 0.0945313 0.0820522 0.208694 0.118694 0.0123203 0.0301587 0.0491761 0.0435783 0.195603 0.0800602 0.0156295 0.0510015 0.00918428 0.0379163 0.149174 0.0830657 0.122576 0.157461 0.119776 0.0870959 0.00469115 0.0732132 0.0848484 0.0317504 0.0345342 0.0703094 0.0501197 0.0535424 0.0730657 0.124603 0.057317 0.00990636 0.0106279 0.302418 0.00724618 0.247492 0.0471807 0.111243 0.219027 0.00100448 0.0254652 0.153241 0.135754 0.119357 0.0641248 0.159662 0.0304239 0.112135 0.0346453 0.031495 0.00856108 0.138799 0.134737 0.180394 0.00758968 0.0203725 0.00884101 0.124112 0.049728 0.404871 0.0389244 0.0258502 0.021756 0.0500897 0.0516634 0.0134523 0.1064 0.125053 0.0591085 0.0424409 0.0849895 0.0129342 0.010051 0.0337095 0.00613546 0.0906437 0.0239888 0.0348039 0.218034 0.0658566 0.0776551 0.0516778 0.115147 0.0325074 0.0770805 0.00601941 0.00807258 0.00204673 0.0674409 0.057585 0.0140668 0.125048 0.073261 0.0163128 0.011349 0.0316322 0.00682769 0.0108205 

network 0 300
edges0
000000000000000000000000000000000000000000000000000000000000000000000000000000000000000000000000000000000000000000000000000000000000000000000000000000000000000000000000000000000000000000000000000000000000000000000000000000000000000000000000000000000000000000000000000000000000000000000000000000000000
edges1
111111111111111111111111111111111111111111111111111111111111111111111111111111111111111111111111111111111111111111111111111111111111111111111111111111111111111111111111111111111111111111111111111111111111111111111111111111111111111111111111111111111111111111111111111111111111111111111111111111111111
weights
-0.0663694 0.0424067 -0.0718094 0.0777231 -0.0418363 0.0244794 0.0630542 -0.0793247 -0.0665139 0.0283246 -0.034334 0.0514051 -0.055181 0.0613581 0.0195686 0.0625414 0.0717862 -0.018798 -0.0478592 0.0528001 -0.0729639 0.0356443 0.0373308 0.0654229 0.090994 -0.0519078 -0.0279841 -0.0692711 0.0211427 -0.0546711 0.0889351 0.0345962 -0.0341821 0.0774734 -0.0305954 -0.0665113 0.0561755 -0.05553 -0.0286152 -0.0198645 -0.0575816 0.0315118 -0.0656352 0.0302886 0.0969307 0.0376695 0.03412 -0.043571 -0.0514717 -0.0363328 0.0197137 -0.0358983 -0.0706606 -0.023507 -0.0171945 -0.0666755 0.0354836 -0.0294282 0.091443 -0.0411451 0.0303379 0.0691772 -0.0337805 -0.0443814 0.0730249 0.0157263 0.0591819 0.0285243 -0.0453233 0.0432438 -0.0596093 0.0783215 0.0190623 -0.0444533 0.0355695 0.078773 0.0296147 0.0533116 0.086098 0.076692 -0.0238422 0.0430252 -0.040127 -0.0916898 0.0529351 -0.082593 0.0292306 -0.0720691 0.0599193 -0.0387399 0.0354005 -0.0493915 -0.0376174 0.0604256 0.0733213 -0.0544565 0.0398669 -0.0461533 -0.0501107 -0.0335305 0.128309 0.0414248 -0.0440265 0.0280826 -0.0753078 -0.0659641 0.0232842 -0.0405284 -0.0751563 0.0780801 0.0767953 0.0681961 -0.0292637 0.0997314 0.022326 0.0557798 -0.0500424 0.0785526 0.0976635 0.0837893 -0.0707525 0.103318 -0.0680391 0.0367217 -0.076567 0.0282325 -0.0896233 0.0115083 0.0994851 0.051265 0.0599916 -0.0383807 0.074593 0.0399889 -0.0330191 0.0305235 -0.0697916 0.0547588 -0.0625808 -0.120828 -0.0226777 -0.0367038 -0.0559299 -0.0516561 0.0436654 -0.0247143 0.0615499 0.0859159 0.0287507 -0.0367584 -0.072089 0.104988 -0.0272306 -0.0874958 0.0236457 0.0564046 0.0611395 -0.125759 0.0558798 -0.0634916 0.0178521 -0.0165765 -0.0314348 -0.0505311 0.0391887 0.0239801 -0.0602399 -0.0331156 0.042882 0.0587212 -0.0452174 0.0408481 -0.0307882 -0.0363072 -0.0569054 -0.125247 -0.0398139 0.0743936 0.0821964 -0.0216418 0.118976 0.0516188 0.0450649 0.0703422 0.0457647 -0.0912719 0.0680968 0.0347488 -0.0373857 -0.0682216 0.0399772 0.0257812 -0.0569192 -0.02572 0.0359728 -0.0994609 -0.0791236 -0.0558427 -0.113628 0.0328425 -0.0467683 -0.0156471 -0.0720521 0.0731717 -0.0357018 -0.0622231 0.0175164 0.104733 -0.063031 -0.0221791 -0.0666051 0.035589 0.0331782 -0.0683936 0.0400697 0.0197158 0.0310204 -0.0851454 -0.0501741 -0.0270516 0.0267962 0.0645161 -0.0408014 -0.0526514 -0.0286795 -0.0414897 -0.0503091 -0.0222984 -0.0379926 -0.0314598 0.0755053 -0.0518444 0.0631085 0.0887754 0.0361396 -0.0531762 -0.0292256 -0.0582278 -0.0514002 0.0215753 0.0361766 0.054864 0.0336288 -0.0649037 -0.0551699 0.0834357 -0.0666253 -0.0239042 -0.0627687 -0.0712615 0.0352208 0.0814357 -0.0407165 -0.0672721 0.0423415 -0.0284471 -0.0147697 -0.0494766 0.0746541 0.0664773 -0.0765699 -0.0280067 -0.0255252 0.0561222 0.0811281 -0.0325471 0.0382921 0.0894411 0.0500791 0.0370192 0.107793 0.0378694 -0.0600994 -0.0667041 -0.062083 -0.0479397 -0.0792771 0.0264194 0.076678 -0.0481352 0.0446403 -0.0345096 -0.0506982 0.0614149 -0.0324246 -0.0443427 -0.0308021 0.0593125 -0.0997318 -0.0393868 0.0299288 -0.0651868 -0.095922 0.0314915 0.0209249 -0.0540445 0.0858541 -0.0301633 -0.0409606 0.0448597 

network 1 0
edges0

edges1

weights


network 2 0
edges0

edges1

weights

